.Random.seed <-
c(403L, 10L, 1097559879L, -1924447247L, 1011261884L, -487360495L, 
2021408492L, -1087715241L, -574836083L, -328388952L, -1444866913L, 
-1497048548L, -1489012878L, -194873357L, 184400258L, -281395617L, 
-324143172L, 1373062098L, 785293123L, -751396914L, 17096004L, 
-812169049L, 1861505638L, -1116341666L, -1860955858L, -1116321755L, 
536066576L, -1514901087L, -156861572L, -605832914L, 1476416L, 
-943205013L, -115358412L, 568495310L, -817294807L, 513930186L, 
386714960L, -1896899091L, 733035246L, -1120566029L, 1977426348L, 
817475232L, 14659620L, -393381349L, 428273424L, 893842101L, -1088297653L, 
-1955160964L, 1691026411L, 282310178L, -1204663428L, -1377358442L, 
126225810L, 2132260147L, -1920513633L, 642995775L, 771063548L, 
903687860L, -266622401L, 1107631054L, 1303069939L, -1564761828L, 
-1350380724L, 246687121L, -1874966157L, -702352498L, -1716510558L, 
-2034159128L, 1450598035L, -272850673L, 1436871582L, -171694960L, 
202674502L, -127419312L, 762988004L, -1589215203L, 1249134222L, 
130826469L, 1825831123L, 1784475983L, 253605651L, 587104062L, 
-1683739250L, -261007776L, 2055375431L, 2084760715L, 240654279L, 
-1165178424L, -1548628349L, 962726657L, -789864042L, 1083482103L, 
1321370542L, 282906516L, -886817782L, 1606808956L, 1662863381L, 
2141545842L, 1033574746L, 1953194608L, 341724525L, -1483400121L, 
-1451546363L, -1044219028L, -768047323L, -1251486664L, 1279611790L, 
-1728533788L, 171790671L, 933568566L, -1244118177L, 433841571L, 
860240432L, -1498043109L, 869129043L, 419926370L, 1417834468L, 
-1859877806L, 1842987458L, 1343378051L, 1023545168L, 359056280L, 
1776400354L, -43216429L, 355252311L, -471545011L, -1263012007L, 
1641387700L, 390635442L, 699167421L, -1692377527L, -419535181L, 
-1973182031L, 868885362L, 14993766L, 184976256L, 685439695L, 
1358230338L, 1102574785L, -791397156L, -1550162289L, -1972041152L, 
-1945639544L, -1099569101L, -642764744L, -1855048763L, -1791368529L, 
-1539240379L, 850931997L, 892153465L, -529544864L, -1210208837L, 
1026858762L, 1931270636L, -750878117L, 1152793432L, -946124240L, 
2039215827L, -1169251768L, -1566228114L, -199717736L, -393986812L, 
-519208985L, -1246877626L, 1176462912L, 963706056L, -759220528L, 
-2078539083L, 1844581134L, 1145793116L, 693875991L, 1268734423L, 
1202295713L, -1149891388L, -2096901975L, 807627735L, -1127153414L, 
-409244588L, -1575190331L, 1209250451L, -1663932170L, -303719884L, 
-90640381L, 595846754L, -1490975133L, 1994941888L, -656971455L, 
651842322L, -2019096146L, 10667058L, 1267423028L, -1143550919L, 
-1817464581L, -974601175L, -629886674L, -1783816912L, 284883518L, 
1986674669L, -1291697812L, -863332965L, 875581250L, -1064718950L, 
-167504541L, -1446271729L, 1492322148L, 1714422843L, -54030018L, 
-615621617L, -1776907606L, 1583390234L, -2113566065L, -533211603L, 
811528620L, 679523796L, 1124524972L, 1053961523L, 1356273202L, 
191699277L, 497158441L, -1206951535L, -862206179L, 1751706069L, 
-717200417L, -1286629174L, 323005875L, -946612472L, 883146220L, 
-1436963184L, -1249313534L, 1634314002L, -1834439318L, -1174861187L, 
435953891L, -1618601430L, 197943188L, -872863164L, 1842873136L, 
-1684308414L, 492534488L, 407195048L, -84018846L, -839201533L, 
-993110746L, -1770073759L, -699324937L, 1822049453L, 1743507946L, 
-2050793610L, 1472843754L, -444143823L, 820408695L, 128561414L, 
1370647561L, 115141962L, -1416732529L, 1267625361L, 1342291990L, 
-1943484468L, 791275160L, 686453132L, -1251768889L, -980887879L, 
-1559207832L, 1976887879L, 911970714L, -382905977L, -142016171L, 
1227253498L, -163778081L, 1784820588L, 100730617L, -734369407L, 
-585093415L, 128170990L, -1555481476L, 1463599767L, 114772585L, 
2018098667L, 1029940494L, 989856720L, -1298101017L, -616137297L, 
794142265L, -686417701L, 2064235591L, -315340075L, 505810988L, 
966941040L, 269600538L, 2140721103L, 1656937788L, -55814785L, 
1935406056L, 408085427L, -1272553862L, -2004476247L, 840009618L, 
1917502706L, 110855059L, 2115153699L, -23759573L, 1513400379L, 
-1547344589L, -865601674L, -29360797L, -977643908L, -2055498585L, 
-975753521L, 1493282677L, -2145032685L, -298990318L, -211527444L, 
1507650586L, -381588854L, 1014881584L, 1831587674L, -645389370L, 
79128056L, 1066536085L, 1019514771L, -2035924028L, -1123139881L, 
-1720125700L, 670371643L, 248500499L, 1165056202L, -1634700135L, 
1361932348L, 1393313150L, -1664769395L, 757279948L, 727034314L, 
313515714L, 1699410327L, 618025631L, 1870485778L, 1982101850L, 
-146216105L, -788914146L, 2104796115L, 426572770L, -484159160L, 
306839767L, 208127722L, -436265874L, -467275247L, 2014866680L, 
12068620L, 2110526161L, 1152133022L, 1639595037L, 1227797018L, 
115492701L, -1790448525L, -1067555615L, 2033471333L, 1003653536L, 
1334820656L, 45003892L, -707162795L, -483824474L, -60659551L, 
-2027706245L, 1036613986L, 892335650L, 1375443321L, -1499067921L, 
708008590L, 619161400L, -1035043767L, 645355733L, 1206455912L, 
883823475L, 1248899160L, -939543304L, -1740633043L, 2036951096L, 
-1339496395L, -508693219L, 1542399096L, -1838441351L, 818012688L, 
-486008029L, -589212678L, 917263681L, 985803383L, 1292259914L, 
787260031L, 994458665L, -358145839L, 1130605867L, 335390318L, 
-471610474L, -1810955207L, 911365445L, -254096306L, 348795831L, 
201224551L, -1609193776L, -299682261L, 1926601646L, 877571505L, 
1420139106L, 865587348L, -1338304524L, -1175538405L, 1974862787L, 
-1282933865L, 1093452815L, -186386429L, 1223634933L, -1407315405L, 
-1500654754L, 1033989361L, -284022522L, 746534261L, -517234873L, 
-1030541311L, 512250438L, 2129892500L, 1718769879L, -1438426149L, 
1391161078L, -1282438477L, -1210608916L, -338298679L, 603081143L, 
-1927612756L, 1746515655L, -963928290L, 1889014665L, 1045974331L, 
-719138737L, 1246625869L, -1004039409L, -456929484L, -163419258L, 
-390600776L, -1678180649L, 1309375536L, 1664325384L, 1190466390L, 
1087918779L, -743342533L, -493101572L, 552360900L, 845307219L, 
-488138912L, -1472903735L, -1288961295L, 860157429L, 688355943L, 
662106326L, 688191089L, -118502332L, 299379545L, 1693899027L, 
-520553278L, -858397881L, -379947615L, -599363300L, -991123390L, 
-1558697855L, -892197733L, -1100970242L, 1884251181L, -1839164273L, 
-289990057L, 1061829061L, 946049778L, -2078252957L, 843598398L, 
-849725602L, 2046703393L, 1555656676L, -839114946L, 1910952187L, 
120760622L, 2091206659L, -1686504359L, -783521904L, 1070562253L, 
69865329L, -2045980883L, 987224500L, -411221964L, -1809783715L, 
2068835929L, 46279691L, -2099126687L, -578249589L, 499354152L, 
-308865245L, -764092602L, -1285705794L, 1598052628L, -2102747723L, 
2032465672L, 1410273496L, 985059585L, -1277221163L, 1729792559L, 
-1830343450L, -1069312316L, 213591670L, 303104282L, 382285267L, 
-381314689L, 1205601333L, -1149077857L, 906034004L, -1828776510L, 
-950784002L, 2009863702L, 389189986L, 374017158L, 319210251L, 
1654278046L, 1204968007L, -1032507099L, -79994178L, 1239989119L, 
-2040117310L, 1364088866L, 1543918768L, 1893167759L, 607606291L, 
678786235L, -1272928948L, -400918721L, 175114011L, -2099787030L, 
1102228108L, 1275023845L, -1527982493L, 102553758L, -956167207L, 
-1552445712L, -121768992L, -2144179459L, 776538547L, -469085059L, 
-1640728876L, 654133904L, -38983956L, -602632630L, -1957322487L, 
-541251046L, -591462171L, 156198568L, -873380179L, 356736949L, 
196686155L, 1423551529L, -1995730297L, -923487602L, 326830083L, 
1380667907L, 967651985L, 86387756L, -202921571L, 1475057597L, 
-783618479L, -423446565L, -1673383451L, 1148529763L, 1818874530L, 
-985079708L, -1480716483L, 665695325L, -309350165L, -1218004851L, 
461739834L, 1689606857L, 1266777306L, -1869775581L, 1229577594L, 
848241506L, -788536989L, -1183334311L, -1790770575L, -1715137115L, 
893113109L, -1984853655L, 314021142L, 615677850L, 1119144766L, 
-562354766L, -1132507885L, -1671892961L, 500066668L, -413592757L, 
1971097312L, 1835006120L, 1227279355L, 1303335570L, -1197804433L, 
17949548L, -788052160L, -874470250L, -1338909613L, 520593383L, 
1319222212L, -1956979763L, 2116910621L, -145201179L, -17743508L, 
